Round,Status,TotalTasks,Throughput_tasks_per_s,Throughput_tasks_per_turn,TotalTurns,TotalNegotiations,CollisionRate,TotalTokens,TokensPerTask,AvgResolutionTime_ms,Duration_s
1,completed,23,0.0123,0.0428,537,47,1.313,533943,23214.91,124624.63,1858.29
